7
55
103
141
179
236
293
341
390
438
486
533
581
630
679
725
772
820
869
916
963
1012
1061
1108
1155
1203
1251
1299
1348
1396
1444
1491
1539
1587
1635
1682
1730
1767
1805
1863
1922
1970
2018
2066
2115
2163
2211
2258
2305
2353
2401
2448
2496
2544
2593
2640
2688
2735
2782
2830
2878
2926
2975
3023
3071
3118
3166
3213
3261
3308
3356
3403
3451
3490
3529
3586
3644
3693
3743
3788
3834
3872
3910
3968
4026
4074
4123
4169
4216
4265
4315
4362
4409
4457
4506
4553
4600
4649
4698
4745
4792
4840
4888
4935
4983
5031
5080
5127
5174
5222
5271
5318
5365
5413
5462
5510
5558
5605
5653
5701
5749
5797
5845
5892
5940
5988
6036
6084
6133
6180
6227
6274
6322
6370
6418
6466
6514
6562
6611
6658
6705
6754
6803
6851
6900
6947
6995
7043
7091
7139
7188
7234
7281
7328
7376
7423
7470
7518
7567
7614
7661
7699
7737
7794
7851
7899
7948
7995
8043
8091
8139
8186
8233
8281
8329
8376
8423
8461
8500
8557
8615
8663
8712
8759
8807
8855
8903
8949
8996
9045
9094
9141
9189
9226
9263
9321
9379
9427
9475
9523
9571
9618
9666
9713
9760
9808
9856
9905
9954
10001
10049
10097
10145
10194
10243
10290
10338
10375
10413
10471
10529
10569
10610
10665
10721
10759
10797
10854
10912
10960
11009
11056
11103
11141
11179
11237
11295
11343
11391
11438
11485
11533
11581
11628
11676
11724
11772
11819
11866
11904
11943
12000
12057
12096
12135
12192
12249
12297
12345
12392
12439
12487
12535
12582
12629
12667
12705
12762
12820
12868
12916
12964
13013
13061
13109
13156
13204
13251
13299
13346
13394
13442
13491
13538
13585
13633
13682
13729
13777
13826
13875
13922
13969
14017
14066
14113
14160
14197
14235
14293
14351
14399
14448
14496
14544
14592
14641
14688
14736
14784
14833
14879
14926
14974
15022
15069
15117
15154
15192
15250
15308
15346
15384
15441
15499
15547
15596
15643
15691
15729
15768
15825
15882
15930
15978
16025
16073
16121
16169
16217
16265
16312
16360
16408
16456
16504
16553
16600
16647
16694
16742
16790
16838
16885
16933
16981
17030
17077
17124
17173
17223
17259
17296
17354
17412
17460
17509
17556
17603
17640
17678
17735
17793
17841
17890
17937
17984
18021
18059
18116
18174
18222
18270
18318
18366
18413
18461
18509
18557
18605
18653
18700
18747
18784
18821
18870
18920
18977
19034
19081
19129
19177
19225
19272
19320
19368
19417
19464
19511
19559
19607
19654
19702
19749
19797
19846
19895
19942
19989
20036
20083
20132
20181
20228
20276
20324
20372
20419
20467
20515
20563
20611
20660
20707
20754
20801
20849
20895
20942
20991
21040
21088
21136
21183
21231
21279
21328
21376
21424
21471
21519
21566
21614
21662
21711
21758
21805
21841
21878
21936
21995
22043
22091
22138
22186
22234
22282
22329
22376
22424
22473
22520
22568
22605
22642
22700
22759
22807
22856
22904
22952
22999
23047
23094
23142
23190
23238
23286
23334
23381
23429
23477
23526
23573
23620
23669
23718
23765
23813
23860
23908
23956
24004
24053
24103
24149
24196
24244
24293
24340
24387
24437
24488
24535
24583
24630
24677
24723
24769
24818
24868
24918
24969
25016
25064
25109
25154
25200
25246
25290
25335
25386
25438
25485
25533
25580
25628
25678
25728
25775
25823
25869
25916
25964
26012
26058
26105
26152
26199
26246
26294
26343
26392
26440
26488
26535
26583
26631
26680
26727
26774
26821
26868
26916
26964
27011
27059
27107
27155
27203
27251
27298
27346
27393
27441
27490
27539
27586
27634
27681
27729
27776
27823
27871
27920
27967
28014
28061
28109
28157
28206
28254
28302
28349
28397
28445
28493
28541
28589
28636
28684
28732
28780
28827
28875
28922
28970
29018
29066
29114
29162
29210
29258
29306
29354
29401
29449
29496
29544
29592
29640
29688
29736
29783
29831
29878
29926
29973
30020
30069
30118
30166
30214
30261
30309
30356
30404
30451
30499
30548
30597
30645
30694
30741
30788
30836
30884
30936
30989
31039
31089
31137
31185
31236
31287
31338
31389
31437
31486
31537
31589
